"","A","B","rowmean"
"1",-0.113715155050159,1.07818566296367,0.482235253956755
"2",-0.049555906560272,-1.42175691829371,-0.735656412426991
"3",0.658047769684345,-1.59196414667602,-0.466958188495837
"4",-0.292051373049617,2.01125217605002,0.859600401500202
"5",0.609719279687852,1.10106822697309,0.855393753330471
"6",-0.570432368665934,-1.18266949798488,-0.876550933325407
"7",-0.0602251165546477,-0.832986680316262,-0.446605898435455
"8",-0.48674004431814,-2.36041015639396,-1.42357510035605
"9",-0.94168554013595,-0.742273700600271,-0.84197962036811
"10",0.868824303615838,-1.65398659063256,-0.392581143508361
"11",-0.378732645884156,-0.811739926091529,-0.595236285987843
"12",0.208080105483532,-1.12019780986658,-0.456058852191524
"13",-0.518347817473114,-1.03931721953952,-0.778832518506317
"14",0.937516847625375,-0.0182993404207885,0.459608753602293
"15",0.689542548265308,0.335827318738296,0.512684933501802
"16",0.404719791375101,0.564785321501474,0.484752556438288
"17",0.218494438100606,-0.542959066621624,-0.162232314260509
"18",0.217549603432417,0.809324695123493,0.513437149277955
"19",-0.859537433367223,-0.161137298177886,-0.510337365772555
"20",0.649135492742062,-0.494374768137206,0.077380362302428
"21",0.199410330504179,0.955406659616362,0.57740849506027
"22",-0.457928920164704,-1.24215382564105,-0.850041372902877
"23",0.161880823317915,0.0629001468503333,0.112390485084124
"24",-0.6836600843817,-0.286141360504551,-0.484900722443126
"25",-0.887321540620178,-0.988185298276375,-0.937753419448277
"26",-0.275950158014894,-0.538803870964589,-0.407377014489742
"27",-0.668451509438455,-0.951449163153902,-0.809950336296179
"28",0.240555041469634,-1.26336306971112,-0.511404014120743
"29",0.926954342052341,-0.238098556494906,0.344427892778717
"30",-0.513134333770722,-0.936104452113095,-0.724619392941908
"31",0.272039048373699,-0.553090884561749,-0.140525918094025
"32",-0.256849146913737,-0.0442221253285894,-0.150535636121163
"33",0.388514531776309,-0.273744027546995,0.057385252114657
"34",0.475053344387561,-0.666157306074098,-0.0955519808432685
"35",0.0867834179662168,0.0821878370522833,0.0844856275092501
"36",-0.187059670221061,-0.176186801668421,-0.181623235944741
"37",-0.653629531618208,-0.651284897061851,-0.65245721434003
"38",0.84190041385591,1.17341309924548,1.0076567565507
"39",0.89204530371353,-1.46046444658052,-0.284209571433495
"40",0.412731751799583,0.556790994242434,0.484761373021008
"41",-0.177723731379956,0.343806197322828,0.083041232971436
"42",-0.131882532965392,0.657186184712778,0.262651825873693
"43",-0.978100766893476,0.588467830422295,-0.194816468235591
"44",0.208282276522368,0.129556445920681,0.168919361221525
"45",0.134702763520181,-0.0647291372003535,0.0349868131599138
"46",0.915551582816988,-0.843237533064079,0.0361570248764545
"47",-0.948429225478321,-1.27690744252512,-1.11266833400172
"48",-0.528815697412938,-0.463209802152426,-0.496012749782682
"49",-0.787155538797379,0.774495377651398,-0.0063300805729905
"50",-0.993228447623551,0.980672692159644,-0.00627787773195349
"51",-0.0143911680206656,0.220048266116597,0.102828549047966
"52",-0.818142347969115,-0.354773570801938,-0.586457959385526
"53",-0.203053757082671,0.395410751939853,0.096178497428591
"54",0.0900385598652065,-1.3880640942428,-0.649012767188797
"55",0.800531916785985,-1.57461031276682,-0.387039197990418
"56",0.205575434025377,0.467289693199876,0.336432563612627
"57",0.593920179177076,-0.599929180117007,-0.00300450046996553
"58",0.105373446363956,0.585085515781195,0.345229481072576
"59",0.30784887354821,-0.24237888221776,0.032734995665225
"60",-0.983756999019533,0.473085904599862,-0.255335547209835
"61",-0.644843430258334,-0.923283229593786,-0.78406332992606
"62",0.919698777142912,-0.550746014950729,0.184476381096092
"63",0.702671814244241,-1.73458882006035,-0.515958502908055
"64",-0.63597774412483,-1.54223706403721,-1.08910740408102
"65",-0.295923253521323,0.743375608138819,0.223726177308748
"66",-0.761775430757552,-1.14511520370517,-0.953445317231361
"67",-0.353961242362857,-0.532054302056572,-0.443007772209714
"68",-0.436525295954198,-0.791617898262676,-0.614071597108437
"69",0.731032783165574,-0.893149405464021,-0.0810583111492235
"70",-0.577460497617722,-1.30198287170033,-0.939721684659026
"71",-0.501764724962413,-0.778540522060576,-0.640152623511494
"72",-0.315092052333057,0.733652405771037,0.20928017671899
"73",0.130572506226599,-0.607943574682827,-0.238685534228114
"74",0.112185753881931,1.65568699365796,0.883936373769945
"75",0.394136334303766,0.605040758205151,0.499588546254458
"76",0.0865704421885312,-0.68710785048677,-0.300268704149119
"77",-0.544534482527524,-0.837976738829061,-0.691255610678293
"78",0.40123095549643,0.443957966680988,0.422594461088709
"79",0.350752810016274,-0.870077383489984,-0.259662286736855
"80",0.0345436921343207,0.0691782770459144,0.0518609845901176
"81",-0.110285856761038,1.73355689566189,0.811635519450426
"82",-0.21522266510874,-0.961380874762427,-0.588301769935583
"83",-0.81767934281379,0.868188206554277,0.0252544318702435
"84",0.467875471804291,0.668691415706281,0.568283443755286
"85",0.55314856255427,-0.878810570253854,-0.162831003849792
"86",-0.653640826698393,2.09379723268675,0.720078202994179
"87",-0.419256459455937,2.20546206837783,0.893102804460946
"88",0.199274976272136,0.682385376496196,0.440830176384166
"89",0.171991595067084,0.809043618015089,0.490517606541086
"90",0.512726373970509,-0.609813782802051,-0.048543704415771
"91",0.452614452689886,0.305121020254467,0.378867736472177
"92",-0.368276427965611,-1.05539817945143,-0.71183730370852
"93",0.796824620105326,-1.11174963278145,-0.157462506338062
"94",0.988898992072791,-0.348840793931519,0.320029099070636
"95",0.0615092874504626,-0.0323471240686636,0.0145810816908995
"96",0.101613323204219,1.89783425659128,0.999723789897749
"97",-0.872299828566611,-0.0941075858419312,-0.483203707204271
"98",0.483843077905476,2.19614850025826,1.33999578908187
"99",0.861612325534225,-0.55692652786684,0.152342898833692
"100",-0.226015051361173,-1.10025949004248,-0.663137270701826
"101",-0.282060101628304,0.167600970446922,-0.057229565590691
"102",0.613120035734028,-0.730583616003538,-0.058731790134755
"103",0.780099716037512,-0.0206427995102827,0.379728458263615
"104",-0.0118418354541063,-0.532005989372902,-0.271923912413504
"105",-0.0418823398649693,0.00529513677390221,-0.0182936015455335
"106",-0.430536520201713,-0.17171344275609,-0.301124981478901
"107",-0.937593232374638,-0.591747326076416,-0.764670279225527
"108",0.0446257069706917,0.674765938455449,0.35969582271307
"109",0.487870362587273,-0.888312202221866,-0.200220919817297
"110",0.740448520518839,1.39166064807181,1.06605458429532
"111",0.114438164513558,0.566103640928969,0.340270902721264
"112",0.823714124504477,-0.2692668343936,0.277223645055439
"113",-0.0783578264527023,-0.0160284714358391,-0.0471931489442707
"114",0.912822258658707,-0.876144622285015,0.018338818186846
"115",0.589581564068794,1.06141407347937,0.825497818774082
"116",-0.495932300575078,0.689442850871155,0.0967552751480385
"117",-0.158950819633901,0.326097647218278,0.0835734137921885
"118",-0.149572317954153,1.28183366075149,0.566130671398668
"119",-0.353085632435977,-0.27788513056199,-0.315485381498984
"120",-0.738168073818088,0.105804281751982,-0.316181896033053
"121",0.55430053640157,-0.22186085276713,0.16621984181722
"122",-0.437325717881322,0.611918795956377,0.0872965390375275
"123",-0.682130223140121,1.10413738285845,0.211003579859165
"124",0.54078177222982,0.14121919757257,0.341000484901195
"125",0.616228801663965,-0.432275283972912,0.0919767588455265
"126",-0.747479211073369,-1.22597852116577,-0.98672886611957
"127",0.765103382524103,-0.658093968081561,0.053504707221271
"128",-0.535571970045567,-0.944754742992965,-0.740163356519266
"129",0.428218170069158,-1.75292336279227,-0.662352596361556
"130",-0.520418813452125,2.13840183866386,0.808991512605868
"131",0.514864193275571,-0.893627684623888,-0.189381745674158
"132",-0.313498793169856,0.781498491552951,0.233999849191548
"133",-0.808729719370604,-0.745795341614452,-0.777262530492528
"134",-0.735778430011123,-0.0995955904633156,-0.417687010237219
"135",-0.620306901633739,0.662318505843566,0.0210058021049135
"136",-0.696554540190846,0.0717296464593435,-0.312412446865751
"137",-0.706006321124732,1.11099471699806,0.202494197936664
"138",0.908465120010078,-0.622993844796262,0.142735637606908
"139",-0.449386597145349,0.379999809019524,-0.0346933940629125
"140",-0.799618402030319,-0.0916185776704573,-0.445618489850388
"141",0.172716633882374,-1.19016260129813,-0.508722983707878
"142",0.574642777908593,0.155396194502674,0.365019486205634
"143",0.996236087754369,-0.0106537456083092,0.49279117107303
"144",0.500696048606187,-0.0360719469003643,0.232312050852911
"145",-0.125053842552006,-0.347349979904359,-0.236201911228183
"146",0.345696798060089,0.225375632573424,0.285536215316756
"147",-0.70208437088877,1.47880316665434,0.388359397882785
"148",0.0755487531423569,-1.15396509214851,-0.539208169503077
"149",0.470524865668267,-1.06259228977554,-0.296033712053636
"150",0.26333742402494,-1.26790667286062,-0.50228462441784
"151",0.118811595253646,0.639038740769767,0.378925168011707
"152",0.319231689441949,-0.243286314683494,0.0379726873792275
"153",0.0377687974832952,-1.31589090103942,-0.639061051778062
"154",0.167757052928209,1.43455710672012,0.801157079824165
"155",-0.999217773787677,0.250171789947477,-0.3745229919201
"156",-0.598061039112508,0.185690057116674,-0.206185490997917
"157",-0.243180661462247,0.177005855673314,-0.0330874028944665
"158",-0.678612462710589,-1.81161474871472,-1.24511360571265
"159",-0.851415819954127,-0.680767847733137,-0.766091833843632
"160",0.145257604774088,-0.239889077641976,-0.047315736433944
"161",-0.712550002150238,-0.873680520751324,-0.793115261450781
"162",-0.531888303812593,-1.24433070186206,-0.888109502837326
"163",-0.460595273878425,-0.764845947788435,-0.61272061083343
"164",-0.188011534512043,1.1834149082202,0.497701686854078
"165",-0.180455389432609,-0.871608636818581,-0.526032013125595
"166",-0.675120796076953,0.122498113666554,-0.2763113412052
"167",0.303014947567135,-0.804828682909565,-0.250906867671215
"168",0.231455942150205,-0.262446117206517,-0.015495087528156
"169",-0.318971800617874,-0.528592786667965,-0.42378229364292
"170",-0.705655988305807,0.531624560310018,-0.0870157139978945
"171",-0.582189694046974,-1.47175113656299,-1.02697041530498
"172",0.712868415750563,1.01308692353786,0.862977669644212
"173",-0.287144954316318,-0.281898421430289,-0.284521687873303
"174",-0.0633997740224004,2.58876924969283,1.26268473783521
"175",-0.235034847166389,0.900221865367333,0.332593509100472
"176",-0.0681602391414344,-0.153858362427965,-0.1110093007847
"177",0.180021772161126,-0.510377945618134,-0.165178086728504
"178",0.828814102802426,0.812369118341465,0.820591610571946
"179",-0.557687561027706,0.000491699321008849,-0.278597930853349
"180",0.881676304619759,0.112164139741062,0.49692022218041
"181",-0.868984963744879,0.18110858967459,-0.343938187035145
"182",-0.50826313206926,0.751059491214263,0.121398179572501
"183",0.682650433853269,-0.186847577617563,0.247901428117853
"184",0.47172439051792,-0.151423294017325,0.160150548250298
"185",-0.0538085354492068,-1.8876917787697,-0.970750157109453
"186",0.124664837028831,0.914259515113097,0.519462176070964
"187",0.393864107318223,0.384286113418005,0.389075110368114
"188",0.622445784043521,0.405696957602937,0.514071370823229
"189",0.837629932444543,0.287499534884176,0.56256473366436
"190",-0.914888042490929,0.554968930517284,-0.179959555986823
"191",0.586012767627835,1.03153764654691,0.808775207087372
"192",0.616233365144581,0.127287322180063,0.371760343662322
"193",0.358510000631213,1.41241102548743,0.885460513059321
"194",0.847994196228683,-0.227150225020052,0.310421985604315
"195",0.827174416743219,-0.780274772974233,0.023449821884493
"196",0.224240061827004,0.532621453929937,0.37843075787847
"197",0.429509466513991,1.06536293827972,0.747436202396855
"198",0.974636341910809,-0.160935453713641,0.406850444098584
"199",-0.0970684797503054,1.84566619982325,0.874298860036472
"200",-0.395765254739672,0.843026527477942,0.223630636369135
"201",0.651508160401136,-1.4485683728207,-0.398530106209782
"202",0.119224127847701,-1.8572653177323,-0.869020594942299
"203",0.19744303682819,-0.601728835421898,-0.202142899296854
"204",0.588463365100324,1.68161590528687,1.1350396351936
"205",-0.86605962831527,-0.624395516973773,-0.745227572644521
"206",-0.803175635170192,0.0344826826850604,-0.384346476242566
"207",0.446851313114166,-2.36837067973327,-0.960759683309552
"208",-0.764943536836654,-0.625142779702264,-0.695043158269459
"209",0.511209556367248,-0.518123229236616,-0.00345683643468403
"210",-0.0188342542387545,-0.623817927173135,-0.321326090705945
"211",-0.0367079051211476,0.882946716483879,0.423119405681366
"212",-0.286238889675587,-0.967827143787689,-0.627033016731638
"213",0.276293092407286,-1.51173924020308,-0.617723073897897
"214",-0.825211606919765,-0.357946540138688,-0.591579073529227
"215",0.0906115351244807,-1.46308214610206,-0.68623530548879
"216",0.710847010836005,1.89810434566513,1.30447567825057
"217",-0.289530058857054,-0.613920098920513,-0.451725078888784
"218",-0.955466870218515,-0.434459308653895,-0.694963089436205
"219",0.620193950366229,0.915998394200425,0.768096172283327
"220",-0.534952278714627,-0.765998374716699,-0.650475326715663
"221",-0.38559356238693,0.743984331443454,0.179195384528262
"222",0.346730251330882,1.01794908910381,0.682339670217346
"223",0.869794219266623,0.498180151682713,0.683987185474668
"224",0.672075122594833,0.0574226190397425,0.364748870817288
"225",0.0182422893121839,-0.26839203442486,-0.125074872556338
"226",0.102163461968303,0.828433708000589,0.465298584984446
"227",0.929063876159489,1.05437024872562,0.991717062442554
"228",0.286498243920505,-0.9993992786325,-0.356450517355998
"229",-0.831571866758168,0.87590747010928,0.022167801675556
"230",-0.789235326461494,-0.148606127470749,-0.468920726966121
"231",0.940894567407668,1.51757778301338,1.22923617521052
"232",-0.81710615940392,-0.913524713112456,-0.865315436258188
"233",-0.529576214496046,-0.976558322170717,-0.753067268333381
"234",0.329430151265115,-0.109567589610508,0.109931280827303
"235",-0.159293937496841,0.631417859568551,0.236061961035855
"236",0.751939442940056,-0.721419867799316,0.01525978757037
"237",-0.764462237711996,-0.528370039355878,-0.646416138533937
"238",0.726229702122509,-1.35423342915309,-0.31400186351529
"239",0.827505940105766,-0.156021381307462,0.335742279399152
"240",-0.729868433903903,-0.0638013781219666,-0.396834906012935
"241",-0.0987952169962227,1.21277624981094,0.556990516407359
"242",0.470773966051638,-0.351063167511684,0.059855399269977
"243",-0.238921067677438,-0.0899073436378014,-0.16441420565762
"244",0.0383157609030604,-1.11229762123594,-0.53699093016644
"245",-0.311974855139852,0.834738472357178,0.261381808608663
"246",-0.953882672358304,-1.75804610471877,-1.35596438853854
"247",-0.250309119932353,0.701201685458059,0.225446282762853
"248",-0.0395047417841852,-1.3975455818117,-0.718525161797943
"249",-0.321123686619103,-0.243407921839545,-0.282265804229324
"250",0.585484602954239,-0.937620885477034,-0.176068141261398
"251",0.830708876252174,-0.807791138677774,0.0114588687872
"252",-0.999150679446757,-0.739751797347411,-0.869451238397084
"253",-0.254214036744088,-0.616751606066957,-0.435482821405523
"254",0.922159384936094,0.994667701505881,0.958413543220987
"255",-0.883412664756179,0.0211038010826627,-0.431154431836758
"256",-0.253219870850444,-0.174144928230657,-0.213682399540551
"257",0.847730493638664,0.556743610105985,0.702237051872325
"258",0.272700749803334,-0.485605903940611,-0.106452577068639
"259",-0.09741853736341,0.0988792145280833,0.000730338582336655
"260",-0.423197130206972,0.367273222211879,-0.0279619539975465
"261",0.0366578381508589,-1.781664957217,-0.872503559533071
"262",-0.364444090053439,0.777333318410778,0.20644461417867
"263",-0.149567413609475,-0.333330355948941,-0.241448884779208
"264",0.421129566151649,-0.79947270872107,-0.189171571284711
"265",-0.137355824466795,1.31500228646225,0.588823230997727
"266",0.499748795293272,0.670543728780526,0.585146262036899
"267",-0.489526719786227,0.031710388641483,-0.228908165572372
"268",0.186658154707402,-0.763387359972193,-0.288364602632395
"269",-0.511185612529516,-0.434382779021942,-0.472784195775729
"270",0.15288002230227,0.241367806899711,0.19712391460099
"271",0.587276278994977,1.20261007129575,0.894943175145363
"272",0.184951259754598,-0.796479588154993,-0.305764164200197
"273",0.51537444954738,0.362846337656629,0.439110393602004
"274",-0.745419189799577,0.0311378223963433,-0.357140683701617
"275",0.103790001012385,0.482271996142564,0.293030998577474
"276",-0.509091106709093,0.358014008717658,-0.0755385489957175
"277",-0.159946350380778,2.06003197770214,0.950042813660681
"278",0.876399369444698,1.08828319664234,0.982341283043519
"279",0.618045561015606,-0.238365890228379,0.189839835393614
"280",0.952934918459505,-0.0449967114758683,0.453969103491818
"281",-0.494542352855206,-2.08838510085561,-1.29146372685541
"282",-0.781636339146644,-2.36727747156838,-1.57445690535751
"283",-0.825357673224062,0.0172308173839565,-0.404063427920053
"284",-0.742442260496318,0.277060757272013,-0.232690751612152
"285",-0.992233046796173,-0.289927823646129,-0.641080435221151
"286",-0.249551386572421,-0.661236048546121,-0.455393717559271
"287",0.863900714088231,0.547811172139971,0.705855943114101
"288",-0.0547828795388341,1.35065129186546,0.647934206163313
"289",-0.795283731538802,1.82591942327485,0.515317845868024
"290",0.776487695984542,-0.852259030520855,-0.0378856672681565
"291",0.894464769400656,1.31000709568462,1.10223593254264
"292",0.7619862803258,0.695050995904227,0.728518638115013
"293",0.545510801486671,-1.53985889609841,-0.49717404730587
"294",0.902643800247461,0.0881108329730251,0.495377316610243
"295",-0.446515474934131,0.190286705291251,-0.12811438482144
"296",0.1343441484496,-1.78171536494911,-0.823685608249755
"297",-0.266254965215921,0.277845840294202,0.0057954375391405
"298",0.187827147077769,-1.27100742840814,-0.541590140665186
"299",-0.0267979707568884,0.365644136738216,0.169423082990664
"300",-0.781572648789734,-0.843536914220904,-0.812554781505319
"301",0.474057207349688,-0.691659317940591,-0.108801055295452
"302",-0.592318884562701,0.245284733018796,-0.173517075771952
"303",0.235062520485371,-0.283569094495236,-0.0242532870049325
"304",0.555887865833938,-2.06026575828102,-0.752188946223541
"305",-0.626459058374166,-1.20169120050191,-0.914075129438038
"306",0.589768671896309,-0.573566664291267,0.00810100380252099
"307",-0.819624947849661,-0.64143218237957,-0.730528565114616
"308",-0.993404141161591,-0.528730634888158,-0.761067388024875
"309",0.111563310958445,-2.03334180693431,-0.960889247987933
"310",-0.760609529912472,-0.00609060274704197,-0.383350066329757
"311",0.84623734280467,0.502853768908191,0.674545555856431
"312",-0.19252021657303,1.33807878185389,0.57277928264043
"313",0.0614963052794337,0.976283753884152,0.518890029581793
"314",0.134928743820637,0.57741476316997,0.356171753495304
"315",-0.0778581956401467,-0.1985856522049,-0.138221923922523
"316",-0.104215392842889,-1.13121399035267,-0.617714691597779
"317",0.867956034839153,0.575048124617878,0.721502079728515
"318",0.222074064426124,0.510921943304435,0.366498003865279
"319",-0.0563315348699689,0.88373550865331,0.413701986891671
"320",-0.74379503633827,-0.339298505436393,-0.541546770887331
"321",-0.233918437268585,0.0744641643617156,-0.0797271364534347
"322",0.487047988455743,1.73027799072512,1.10866298959043
"323",0.38595358049497,0.792347794354043,0.589150687424506
"324",0.200287770945579,-2.31957867379516,-1.05964545142479
"325",-0.799490324221551,-1.3352453370398,-1.06736783063068
"326",-0.966935796663165,-0.947821146174688,-0.957378471418927
"327",0.517436759080738,-0.087759227502795,0.214838765788972
"328",0.961525639053434,-0.259188398572131,0.351168620240652
"329",0.254039279185236,-0.263967722063703,-0.0049642214392335
"330",0.678721539210528,0.508660157080122,0.593690848145325
"331",0.973118014633656,-0.167320471505421,0.402898771564117
"332",0.15772315626964,-1.01660511307941,-0.429440978404885
"333",-0.627097141928971,-0.582735239552822,-0.604916190740897
"334",0.0658037299290299,0.0987376296184278,0.0822706797737288
"335",0.116020670626312,0.993636815406722,0.554828743016517
"336",-0.757955730892718,-0.439062091558613,-0.598508911225665
"337",-0.0477586225606501,0.136210851846893,0.0442261146431214
"338",0.326657688245177,-1.61563631577086,-0.644489313762841
"339",-0.448463899083436,0.476547206326248,0.014041653621406
"340",-0.0947972969152033,2.33529099966636,1.12024685137558
"341",0.542194572277367,0.837401449634905,0.689798010956136
"342",-0.270659062545747,1.21056141512205,0.469951176288152
"343",0.713595780543983,1.79639100249458,1.25499339151928
"344",0.954426067415625,-1.38702705824933,-0.216300495416853
"345",0.227845114655793,-1.20723209692342,-0.489693491133814
"346",-0.066882558632642,0.141422363127512,0.037269902247435
"347",0.976916080340743,-0.346584374450882,0.31516585294493
"348",-0.720985188614577,-1.61496705934645,-1.16797612398051
"349",0.365172375924885,-2.24159528217254,-0.938211453123827
"350",-0.649679825175554,0.125883366514963,-0.261898229330295
"351",0.81293083075434,0.170920081913649,0.491925456333995
"352",-0.858350222930312,-0.0422911232861402,-0.450320673108226
"353",-0.70886582089588,0.311176866619561,-0.19884447713816
"354",0.210705898702145,-0.715606885818708,-0.252450493558282
"355",-0.697483049239963,0.89414834423489,0.0983326474974635
"356",0.304783394560218,1.62715049190644,0.965966943233329
"357",0.942199526820332,0.899554790490626,0.920877158655479
"358",0.197653168812394,1.07796715258328,0.637810160697837
"359",-0.361454322002828,-0.267934134677404,-0.314694228340116
"360",-0.687927603721619,1.29104538000593,0.301558888142156
"361",-0.183684864547104,0.711929424553088,0.264122280002992
"362",0.557621995918453,-2.33870425068446,-0.890541127383004
"363",-0.0720823490992188,0.326220710868298,0.12706918088454
"364",-0.27653283206746,0.957583207274526,0.340525187603533
"365",0.245964027475566,0.767301751797432,0.506632889636499
"366",-0.135746872983873,-1.14437633951991,-0.640061606251892
"367",0.972207312472165,0.560249506563776,0.766228409517971
"368",0.0801763110794127,0.878104994368957,0.479140652724185
"369",-0.207474670838565,0.413400973895153,0.102963151528294
"370",-0.0984889729879797,-0.0374052695705176,-0.0679471212792487
"371",0.895610455889255,-1.13143024488155,-0.117909894496148
"372",0.875140760093927,-0.767830108347642,0.0536553258731425
"373",-0.787393946200609,-1.21107122275374,-0.999232584477174
"374",-0.260155248921365,-0.417728439742351,-0.338941844331858
"375",-0.0915629854425788,-0.771757273641731,-0.431660129542155
"376",0.833064500242472,-0.160073234403846,0.336495632919313
"377",-0.196133348159492,-0.387680541545243,-0.291906944852368
"378",0.858056946191937,1.2388010852497,1.04842901572082
"379",-0.296300228685141,1.2735085266443,0.488604148979579
"380",0.554501604754478,1.28244187366348,0.918471739208979
"381",-0.710940637160093,0.457004281233765,-0.126968177963164
"382",-0.689993976149708,-1.3025961568163,-0.996295066483004
"383",0.74739195080474,-0.593621298654563,0.0768853260750885
"384",-0.306664769537747,-0.464517954502456,-0.385591362020101
"385",-0.523259386885911,0.237149475240947,-0.143054955822482
"386",0.254897659644485,0.485531928544189,0.370214794094337
"387",-0.23541326681152,-0.976552106659475,-0.605982686735497
"388",-0.641253097914159,-0.141358163392792,-0.391305630653475
"389",0.546220753341913,1.47715396266388,1.0116873580029
"390",-0.164502184838057,1.43902950273652,0.637263658949232
"391",-0.649659113492817,-1.06266662922754,-0.856162871360179
"392",0.701847278513014,-1.21824199990371,-0.258197360695348
"393",0.240211896598339,1.19143486267942,0.71582337963888
"394",0.947443661279976,0.859314537341451,0.903379099310714
"395",0.387157380580902,-0.45198046274662,-0.032411541082859
"396",0.0802189689129591,-1.7645070557978,-0.84214404344242
"397",-0.813057926017791,-0.137221020317326,-0.475139473167559
"398",0.35148418834433,0.234896014661275,0.293190101502803
"399",0.516293569002301,-0.514261483096058,0.00101604295312147
"400",0.69518060144037,1.15346186827456,0.924321234857465
"401",-0.583839764352888,0.517112046366305,-0.0333638589932915
"402",0.549373865127563,0.812732556577278,0.681053210852421
"403",-0.163739335723221,-0.20605108687222,-0.184895211297721
"404",0.140695900656283,-1.07649329645401,-0.467898697898863
"405",0.693991929292679,-1.84541501516924,-0.57571154293828
"406",-0.317436632700264,-1.67616129537489,-0.996798964037577
"407",0.408409252762794,0.497474663898621,0.452941958330707
"408",0.8715271926485,-0.460162647741287,0.205682272453606
"409",0.888880253769457,-1.04801505294268,-0.0795673995866115
"410",0.769205513875932,0.874296334409718,0.821750924142825
"411",0.682880044449121,-0.041606087259438,0.320636978594841
"412",-0.677178064826876,-0.66925738991814,-0.673217727372508
"413",-0.667028125375509,1.08162033239172,0.207296103508105
"414",-0.69050087640062,-0.670752987009949,-0.680626931705284
"415",-0.773173274938017,-1.05260427493876,-0.912888774938388
"416",0.59170685429126,0.14022517690031,0.365966015595785
"417",-0.717866095714271,-0.0707642998001702,-0.394315197757221
"418",-0.602707712445408,-0.451157932558446,-0.526932822501927
"419",-0.435521628707647,-0.997761787160194,-0.71664170793392
"420",-0.210576958023012,1.75475313100142,0.772088086489204
"421",0.625547781120986,1.54550022673254,1.08552400392676
"422",-0.222700953483582,0.658103105878722,0.21770107619757
"423",0.457361116074026,2.31645757018197,1.386909343128
"424",0.42126893857494,-0.291307349462579,0.0649807945561805
"425",0.349181411787868,-1.48102915295186,-0.565923870581996
"426",-0.315538788679987,0.745367718832529,0.214914465076271
"427",0.457792510744184,-0.428108553599074,0.014841978572555
"428",-0.555431251879781,1.16028397912168,0.302426363620949
"429",0.391485679429024,0.823224677174288,0.607355178301656
"430",0.786697622854263,0.585939487683965,0.686318555269114
"431",0.635941230226308,0.532781348403386,0.584361289314847
"432",0.240354962646961,-0.415501560304953,-0.087573298828996
"433",0.895034081302583,-0.351271060389533,0.271881510456525
"434",-0.903336991090328,0.457944087934775,-0.222696451577776
"435",0.166729185264558,1.08694479330537,0.626836989284964
"436",-0.533017204608768,-0.125432331000893,-0.329224767804831
"437",0.336314919404685,-0.0583934905704208,0.138960714417132
"438",-0.479311362840235,-0.0390660897242717,-0.259188726282253
"439",0.579440430738032,-0.309820053491448,0.134810188623292
"440",-0.739105243235826,-1.06789346957029,-0.903499356403058
"441",0.305914648342878,-0.509110171635065,-0.101597761646093
"442",-0.745682044420391,0.277377180008118,-0.234152432206136
"443",-0.388822920620441,0.804704166113369,0.207940622746464
"444",-0.385134886950254,0.676318452834198,0.145591782941972
"445",0.0458452152088284,-0.321738721569055,-0.137946753180113
"446",-0.883812946267426,-1.61352171339082,-1.24866732982912
"447",0.695472255814821,-0.61618702737197,0.0396426142214255
"448",0.581876011099666,-0.712646223806387,-0.0653851063533605
"449",-0.0523133580572903,-0.235256784191928,-0.143785071124609
"450",0.462224435992539,-0.388351703827461,0.036936366082539
"451",-0.998405691701919,-0.58634024803786,-0.792372969869889
"452",0.937301296275109,1.15239456267095,1.04484792947303
"453",0.541739875916392,0.746396760388034,0.644068318152213
"454",-0.90435783052817,-0.565284095028768,-0.734820962778469
"455",0.458892391528934,0.161808695321276,0.310350543425105
"456",-0.580514500848949,0.315563448951948,-0.1324755259485
"457",-0.460430879145861,-1.60581725914286,-1.03312406914436
"458",-0.778100859373808,-0.383265753107651,-0.58068330624073
"459",-0.393920308444649,-0.210554096151746,-0.302237202298198
"460",-0.651376045774668,1.2483619095379,0.298492931881616
"461",0.324399314355105,-0.411734451653486,-0.0436675686491905
"462",0.486768999136984,3.07252312529317,1.77964606221508
"463",0.0991294253617525,0.149223587618749,0.124176506490251
"464",-0.18007701030001,1.06292686646228,0.441424928081135
"465",0.476946418173611,-2.4424377922357,-0.982745687031045
"466",-0.010858834721148,-0.421320701305185,-0.216089768013167
"467",0.79027757095173,0.923345121294721,0.856811346123226
"468",0.406240546610206,-0.414827445170881,-0.00429344928033751
"469",0.673248172271997,-0.0552622032257392,0.308992984523129
"470",0.832523450721055,-0.516623440671247,0.157950005024904
"471",0.180488692130893,0.0518316269872345,0.116160159559064
"472",0.504473386332393,-0.606936371903126,-0.0512314927853665
"473",0.895265602041036,-0.460779579805464,0.217243011117786
"474",0.548151234630495,0.0607278987295991,0.304439566680047
"475",0.79149889620021,-1.47509387259631,-0.34179748819805
"476",0.459660890046507,-0.793500882164619,-0.166919996059056
"477",-0.96333975950256,-0.860766714117692,-0.912053236810126
"478",-0.860994763206691,-1.85531580448226,-1.35815528384448
"479",0.674707791768014,-0.95571881988673,-0.140505514059358
"480",-0.14243572531268,1.32853556488413,0.593049919785725
"481",-0.479929810855538,0.601227476584031,0.0606488328642465
"482",-0.89687872165814,-0.706650274755065,-0.801764498206603
"483",-0.43843117216602,0.356360390656584,-0.041035390754718
"484",-0.522739757783711,-0.169067096429709,-0.34590342710671
"485",0.335343969985843,1.54752254649015,0.941433258237997
"486",0.0499133062548935,-0.153265682245013,-0.0516761879950597
"487",-0.222916326019913,-1.45424386133554,-0.838580093677726
"488",0.671965307556093,0.410817764213879,0.541391535884986
"489",-0.806698818225414,0.315296753251286,-0.245701032487064
"490",0.548497468233109,0.494139483473231,0.52131847585317
"491",-0.311447204090655,0.69993819699209,0.194245496450718
"492",-0.0686492980457842,0.37199641265316,0.151673557303688
"493",-0.913578999694437,-0.415710446845416,-0.664644723269927
"494",0.134593899361789,-0.258898598345907,-0.062152349492059
"495",-0.456013133283705,-2.70203332135068,-1.57902322731719
"496",-0.396115512121469,-0.192170104434172,-0.294142808277821
"497",-0.239387569017708,-0.387750333177989,-0.313568951097848
"498",0.405697705689818,-2.40048160181396,-0.997391948062071
"499",-0.980390358250588,-0.878109512482608,-0.929249935366598
"500",0.014443467836827,1.28848950957985,0.651466488708339
"501",-0.57212327606976,0.432549318024954,-0.069786979022403
"502",0.573253349866718,-1.04566160046008,-0.236204125296681
"503",-0.54649242060259,-1.79200298522354,-1.16924770291307
"504",0.114846032578498,0.91916236624309,0.517004199410794
"505",-0.595221099443734,1.77440583539216,0.589592367974213
"506",-0.295144204981625,-0.919359571400097,-0.607251888190861
"507",-0.551771332509816,1.02365061259798,0.235939640044082
"508",0.113306234590709,-0.964186787450214,-0.425440276429753
"509",-0.301686075981706,-0.0455528932793024,-0.173619484630504
"510",-0.613009161315858,-0.257381948270106,-0.435195554792982
"511",0.0898343911394477,0.345287742605468,0.217561066872458
"512",0.776300487108529,-0.560023376039377,0.108138555534576
"513",0.281771233305335,-0.122881310419658,0.0794449614428385
"514",0.374153693206608,0.726260999638162,0.550207346422385
"515",-0.826811127364635,0.607402323714813,-0.109704401824911
"516",0.741513342130929,-1.08428063079593,-0.171383644332501
"517",0.534217929001898,-1.09175201068257,-0.278767040840336
"518",-0.507738375570625,0.93728790921172,0.214774766820548
"519",0.375062671490014,-0.922926372425069,-0.273931850467528
"520",0.0168077568523586,0.571018666529291,0.293913211690825
"521",-0.807383291423321,-0.39903150303289,-0.603207397228105
"522",0.863919640425593,-0.14456423225777,0.359677704083912
"523",0.399080704897642,-0.495842266117465,-0.0483807806099115
"524",0.90497686387971,0.216332833304128,0.560654848591919
"525",0.196808489970863,1.68637573780022,0.941592113885542
"526",-0.77526774071157,-0.245495346684964,-0.510381543698267
"527",-0.657784485723823,-1.51569864216558,-1.0867415639447
"528",-0.604336905293167,1.65985943126663,0.527761262986731
"529",-0.098785116802901,-1.18991526865225,-0.644350192727576
"530",0.723481681663543,0.944885509519316,0.83418359559143
"531",-0.318611229304224,-0.293072435843328,-0.305841832573776
"532",0.520397267770022,-0.922695360551385,-0.201149046390681
"533",0.0213819062337279,0.373285772232639,0.197333839233183
"534",0.664015483111143,0.849115972096059,0.756565727603601
"535",-0.956809755880386,0.39186187572132,-0.282473940079533
"536",-0.370610023383051,0.025807902770036,-0.172401060306507
"537",-0.272256320342422,-0.516368507653779,-0.3943124139981
"538",0.389127640984952,1.47330642952815,0.931217035256551
"539",-0.696428978815675,0.129401833603179,-0.283513572606248
"540",0.578335064463317,-0.805571214617571,-0.113618075077127
"541",-0.680409324355423,-0.956876435480598,-0.818642879918011
"542",0.270815781317651,-1.67546557138096,-0.702324895031655
"543",0.446461304090917,-0.350602603159675,0.047929350465621
"544",-0.113368555437773,-2.13249191629818,-1.12293023586798
"545",0.295824117492884,0.865418965362288,0.580621541427586
"546",-0.604362237732857,0.957179048734827,0.176408405500985
"547",-0.74142033373937,0.438879155351056,-0.151270589194157
"548",0.419042827095836,0.490663396066875,0.454853111581355
"549",0.202893438283354,-1.43073257619363,-0.613919568955138
"550",-0.198213610332459,0.882130469633934,0.341958429650738
"551",0.201089866925031,-1.60533262083824,-0.702121376956604
"552",-0.817810956388712,1.85844365373452,0.520316348672904
"553",-0.634253963828087,0.636701557373584,0.00122379677274853
"554",-0.543176629114896,0.813226150017995,0.13502476045155
"555",0.454795565456152,0.542129392773528,0.49846247911484
"556",-0.259267169050872,0.222354956140417,-0.0184561064552275
"557",-0.915278531610966,1.91781341503726,0.501267441713147
"558",-0.437942548189312,0.562810451495717,0.0624339516532025
"559",-0.149369657039642,0.355916826879159,0.103273584919758
"560",0.000407876912504435,-0.285227669068176,-0.142409896077836
"561",0.45156978443265,1.00438577013476,0.727977777283705
"562",0.503068850841373,0.355046516293842,0.429057683567607
"563",-0.684263222385198,1.36901057309734,0.342373675356071
"564",-0.355959969107062,-0.906105642927156,-0.631032806017109
"565",-0.421054364182055,-0.178255475669836,-0.299654919925946
"566",0.507685756776482,0.85528534141191,0.681485549094196
"567",0.38153110910207,0.204711391402555,0.293121250252313
"568",-0.434339742176235,-1.18991068232052,-0.812125212248378
"569",-0.0134142115712166,-0.54764642203638,-0.280530316803798
"570",0.542708300985396,0.421660591025742,0.482184446005569
"571",-0.811589634045959,2.98945052571803,1.08893044583604
"572",-0.570187016855925,0.195210841887513,-0.187488087484206
"573",0.485573445446789,0.00889967699516101,0.247236561220975
"574",0.761006978340447,-1.2766405042975,-0.257816762978527
"575",0.248932268004864,0.806903181923785,0.527917724964325
"576",-0.621870248578489,0.851203716723601,0.114666734072556
"577",0.197862192988396,-1.03892062157623,-0.420529214293917
"578",-0.458819576073438,0.535977323588161,0.0385788737573615
"579",-0.0204759263433516,-1.51259610267586,-0.766536014509606
"580",-0.730534364469349,0.778457045870569,0.02396134070061
"581",-0.862577738706023,-1.20453380307337,-1.0335557708897
"582",0.228444771375507,0.236353201816199,0.232398986595853
"583",0.951470382511616,0.0701211988124068,0.510795790662011
"584",-0.674093071371317,2.23397722563436,0.779942077131522
"585",-0.0252027283422649,1.39548572866886,0.685141500163298
"586",-0.676544328220189,1.12121044317326,0.222333057476535
"587",0.95701067103073,0.688484680735601,0.822747675883166
"588",0.263124568853527,0.00359858374804,0.133361576300783
"589",-0.880997106432915,-0.405545043339392,-0.643271074886153
"590",0.0120991165749729,-1.70240099718566,-0.845150940305344
"591",-0.646621122490615,0.331067187269521,-0.157776967610547
"592",-0.115472260396928,-1.26308558476931,-0.689278922583119
"593",0.641599302645773,1.9089763175812,1.27528781011349
"594",0.545339935924858,0.770590429438025,0.657965182681441
"595",0.789736578706652,0.0345116016285171,0.412124090167585
"596",0.737411614041775,0.656291211871763,0.696851412956769
"597",0.659501207992435,0.608411221322535,0.633956214657485
"598",-0.510488241445273,-0.0631395411694112,-0.286813891307342
"599",-0.492201663088053,-0.173937077145845,-0.333069370116949
"600",-0.0194522375240922,-0.676360383449473,-0.347906310486783
"601",-0.724371877964586,-1.66252870955193,-1.19345029375826
"602",-0.804489881265908,0.406969790314932,-0.198760045475488
"603",-0.301305380184203,0.527685238972763,0.11318992939428
"604",-0.450969200115651,-1.48444881476448,-0.967709007440066
"605",-0.0408638841472566,-0.525885391209054,-0.283374637678155
"606",-0.506301093380898,-0.258455188092527,-0.382378140736713
"607",-0.997071526013315,-1.11846003891429,-1.0577657824638
"608",-0.973134230822325,-1.47415547132818,-1.22364485107525
"609",-0.610228545032442,0.555668365650415,-0.0272800896910135
"610",0.100982085336,0.688365610001948,0.394673847668974
"611",-0.845610770396888,1.60948443269264,0.381936831147876
"612",0.294248131103814,-0.326534932544038,-0.016143400720112
"613",0.689103608950973,0.769567035877166,0.72933532241407
"614",0.761028649285436,0.260169225326046,0.510598937305741
"615",0.326832768041641,0.563240985354934,0.445036876698288
"616",0.935557325836271,-0.0907312916205322,0.422413017107869
"617",-0.944198124110699,-0.719849114488631,-0.832023619299665
"618",0.245335062500089,-0.00133818004603329,0.121998441227028
"619",0.637552699074149,-0.572836739135834,0.0323579799691575
"620",0.131794635672122,1.24819156052976,0.689993098100941
"621",-0.10533961141482,-1.46532592937933,-0.785332770397075
"622",0.992542593739927,-0.365631740911858,0.313455426414035
"623",-0.768988786265254,0.146910410222446,-0.311039188021404
"624",-0.758099680766463,-0.578108933524112,-0.668104307145287
"625",0.93620885303244,-0.985841528619897,-0.0248163377937285
"626",0.463016079273075,-1.14069500811529,-0.338839464421108
"627",0.151576425880194,-0.115464891575286,0.018055767152454
"628",-0.457594772800803,-0.504344338903104,-0.480969555851954
"629",-0.615096819587052,-1.11947852280336,-0.867287671195206
"630",-0.229744163807482,0.591390465584634,0.180823150888576
"631",-0.846868268214166,0.263666946996354,-0.291600660608906
"632",-0.0120212002657354,-0.70491508953149,-0.358468144898613
"633",0.91749154124409,0.240973764035509,0.5792326526398
"634",0.855874987319112,-0.698595293030709,0.0786398471442015
"635",0.769080270081758,0.318503843503796,0.543792056792777
"636",-0.0316240387037396,-0.228855499094878,-0.130239768899309
"637",-0.044419152662158,0.171845549455457,0.0637131983966495
"638",0.548341366928071,-0.325629700196965,0.111355833365553
"639",0.676316703204066,-0.762761122319402,-0.043222209557668
"640",-0.65636817086488,0.226264504273496,-0.215051833295692
"641",-0.337980685289949,-0.35384492480923,-0.34591280504959
"642",0.145429564639926,-0.712160330175335,-0.283365382767705
"643",0.939422343391925,-1.44609777141399,-0.253337714011032
"644",-0.728380355518311,-1.1344669839999,-0.931423669759106
"645",0.648380994796753,0.86979421325556,0.759087604026156
"646",0.401272562332451,-1.01648173223089,-0.307604584949219
"647",-0.942035569343716,0.629047313336062,-0.156494128003827
"648",0.857880932278931,0.0868621720590824,0.472371552169007
"649",-0.130029979161918,-0.0959658908621114,-0.112997935012015
"650",-0.665900120977312,1.12005929899501,0.227079589008849
"651",0.17745176050812,-0.90602269483521,-0.364285467163545
"652",0.776539066340774,0.580405332406691,0.678472199373732
"653",0.399482814129442,3.40286599702709,1.90117440557827
"654",-0.891384795773774,-0.289464378917515,-0.590424587345645
"655",0.923178786411881,-1.27216219898436,-0.174491706286239
"656",0.986244956962764,0.0720432121681806,0.529144084565472
"657",0.895946030505002,0.629962615949,0.762954323227001
"658",0.421495671849698,1.29444131635557,0.857968494102634
"659",-0.0802202941849828,-1.40167015287276,-0.740945223528871
"660",0.977204102091491,-1.39447499093495,-0.20863544442173
"661",-0.600531344301999,1.51436763000203,0.456918142850015
"662",-0.489900602493435,-0.895980806202512,-0.692940704347974
"663",0.215677037835121,-0.736499576637834,-0.260411269401357
"664",0.473880545701832,0.0772498351598404,0.275565190430836
"665",-0.888057429343462,1.41316507145509,0.262553821055814
"666",-0.0973810777068138,0.964680673707023,0.433649798000105
"667",0.747570528648794,-0.770232729129274,-0.01133110024024
"668",-0.213410764932632,1.29527402691871,0.540931630993039
"669",-0.518098720349371,-0.671895214105761,-0.594996967227566
"670",-0.586330282967538,0.164022133181794,-0.211154074892872
"671",0.995191947091371,-0.342085933778977,0.326553006656197
"672",-0.331957655958831,0.111287380699163,-0.110335137629834
"673",0.00959452893584967,-0.327237084677184,-0.158821277870667
"674",0.435016880743206,0.8411881469564,0.638102513849803
"675",0.551567895803601,-0.404204997209188,0.0736814492972065
"676",0.701383328530937,-0.464330271788018,0.118526528371459
"677",0.0983851975761354,-0.382763913135235,-0.14218935777955
"678",0.453713678289205,1.67301152340074,1.06336260084497
"679",0.328548463061452,-1.19474110171183,-0.433096319325189
"680",-0.4463278548792,-0.345212218019059,-0.39577003644913
"681",0.404456525109708,-0.942097919252787,-0.268820697071539
"682",-0.949953442905098,1.53335824497297,0.291702401033936
"683",0.564615313429385,-1.04384744465216,-0.239616065611387
"684",-0.723646766040474,0.658369645772285,-0.0326385601340945
"685",-0.746858051046729,0.658406474395314,-0.0442257883257075
"686",-0.59226341964677,1.36021516661411,0.38397587348367
"687",0.292390148155391,0.544774155447812,0.418582151801602
"688",0.799440526403487,-1.16608739325204,-0.183323433424276
"689",-0.0670546451583505,0.0121571468978212,-0.0274487491302646
"690",-0.351788184605539,2.22741407617186,0.93781294578316
"691",-0.280827400740236,-0.886988389804271,-0.583907895272254
"692",-0.0406396114267409,-0.840377157766917,-0.440508384596829
"693",0.3990020705387,0.75319485719808,0.57609846386839
"694",-0.134782506618649,-0.0506869845180049,-0.0927347455683269
"695",0.641039769165218,1.52632066562597,1.08368021739559
"696",0.743628870230168,1.21461147496574,0.979120172597954
"697",0.0770708401687443,-1.30608157006921,-0.614505364950233
"698",-0.756944865453988,-0.731882043836386,-0.744413454645187
"699",0.138070445507765,1.03596106222994,0.587015753868853
"700",-0.354944863822311,0.725920858192439,0.185487997185064
"701",-0.53624666063115,0.713755297769836,0.088754318569343
"702",0.328321589622647,1.36884264418797,0.848582116905308
"703",-0.614472528919578,0.0632166442055137,-0.275627942357032
"704",-0.894073244649917,-0.713999391113746,-0.804036317881831
"705",-0.0149787371046841,-2.15229259288167,-1.08363566499318
"706",0.0753865167498589,-0.373191727268024,-0.148902605259083
"707",-0.22541359718889,-1.57790518087203,-0.90165938903046
"708",-0.448057936038822,-0.51410210897326,-0.481080022506041
"709",-0.729540887754411,-0.278652446253543,-0.504096667003977
"710",0.609281179495156,-0.72429481074728,-0.057506815626062
"711",-0.853073326870799,0.322927447941545,-0.265072939464627
"712",0.904260788112879,0.732620271984725,0.818440530048802
"713",0.0864562094211578,0.372315990259641,0.229386099840399
"714",-0.719803533982486,-1.17269053037176,-0.946247032177123
"715",-0.182175605092198,-0.615023440559417,-0.398599522825808
"716",-0.197140094358474,-0.603408075326955,-0.400274084842714
"717",-0.0997597360983491,-0.463143575957553,-0.281451656027951
"718",0.83216837188229,-1.09598210931865,-0.13190686871818
"719",-0.15410835435614,0.136733464096214,-0.008687445129963
"720",-0.206480700988322,1.41411752173806,0.603818410374869
"721",0.510103271342814,-0.692006670566592,-0.090951699611889
"722",0.910078750923276,-0.88697419225972,0.011552279331778
"723",-0.427331627346575,1.00124240867217,0.286955390662798
"724",-0.155918527860194,0.775486251849126,0.309783861994466
"725",0.526537474710494,0.445904671460675,0.486221073085584
"726",0.0947663630358875,0.892255006278299,0.493510684657093
"727",-0.361773823853582,-0.410702571283059,-0.38623819756832
"728",-0.909216890577227,0.78598518472585,-0.0616158529256885
"729",-0.0707152630202472,0.150899893436232,0.0400923152079924
"730",0.594485763460398,-0.108564595848068,0.242960583806165
"731",-0.0993494614958763,-0.120229804226659,-0.109789632861268
"732",-0.201915242243558,-1.67985232363352,-0.940883782938539
"733",0.829117126762867,-0.86836930858151,-0.0196260909093215
"734",0.452447871211916,1.51466778980099,0.983557830506453
"735",0.182114773895591,-0.805075182895312,-0.31148020449986
"736",-0.144625961780548,1.12289440173269,0.489134219976071
"737",-0.741143338847905,-0.5120971192021,-0.626620229025002
"738",0.248686002101749,-0.0205069196673297,0.11408954121721
"739",-0.802231072448194,0.607251349676588,-0.097489861385803
"740",0.684480608906597,1.50298044421397,1.09373052656028
"741",0.0699631301686168,-0.503721158365759,-0.216879014098571
"742",0.80858338624239,-0.81948188509153,-0.00544924942456998
"743",0.711567337159067,-0.930827605346786,-0.10963013409386
"744",0.71344660455361,-0.443717908269269,0.13486434814217
"745",-0.163880533538759,-0.00576861083477628,-0.0848245721867676
"746",0.727208268363029,1.0918892046159,0.909548736489465
"747",0.753337765578181,0.891268316620358,0.82230304109927
"748",-0.143314763437957,0.116772891991857,-0.01327093572305
"749",-0.627468639984727,-0.569353155185459,-0.598410897585093
"750",0.990652765613049,-0.777761262801241,0.106445751405904
"751",0.351453999523073,-0.22547887702339,0.0629875612498415
"752",-0.888173177372664,0.421569871869682,-0.233301652751491
"753",0.906135438010097,-0.164234835809514,0.370950301100291
"754",0.74232604727149,1.90600908957743,1.32416756842446
"755",-0.839399825315922,-1.78833825442293,-1.31386903986943
"756",0.503958424553275,1.57399149243656,1.03897495849492
"757",0.566030221991241,0.43573244287874,0.500881332434991
"758",0.403369544073939,-0.720022389622809,-0.158326422774435
"759",0.000823954585939646,-1.12635527283019,-0.562765659122125
"760",-0.896896673366427,1.03870658026009,0.0709049534468316
"761",0.135339833796024,0.397351438105215,0.266345635950619
"762",-0.268324111588299,-0.155391685591144,-0.211857898589721
"763",0.522697710897774,-1.52754759808623,-0.502424943594228
"764",0.848939123097807,-0.955822032469809,-0.053441454686001
"765",-0.168200149200857,-2.21623730463791,-1.19221872691938
"766",0.250498807057738,-0.403319032750952,-0.076410112846607
"767",-0.667522852309048,0.457085928850255,-0.105218461729396
"768",-0.428686346393079,-1.02634468918357,-0.727515517788324
"769",0.874339225701988,1.60064084642798,1.23749003606498
"770",0.0965057886205614,-0.621256201218401,-0.26237520629892
"771",0.679173086304218,0.82617201483814,0.752672550571179
"772",0.612327808514237,-0.722494013359094,-0.0550831024224285
"773",0.640415045898408,0.770295755261725,0.705355400580067
"774",0.189833967015147,0.143681336790201,0.166757651902674
"775",-0.601380739361048,0.401971497281423,-0.0997046210398125
"776",0.822825452778488,1.1901117424414,1.00646859760994
"777",0.802943923510611,-1.14785669666149,-0.17245638657544
"778",0.158177359960973,-2.03824104457189,-0.940031842305458
"779",0.0409442465752363,-1.2361535560362,-0.597604654730482
"780",0.0625084256753325,0.426450113023072,0.244479269349202
"781",-0.360250005498528,0.941081014494882,0.290415504498177
"782",-0.0958625660277903,-1.15404116174053,-0.62495186388416
"783",0.455717699602246,-0.46963274423333,-0.006957522315542
"784",-0.596604815218598,-1.99885354151978,-1.29772917836919
"785",-0.278919639997184,0.82735620503074,0.274218282516778
"786",0.918380839750171,0.81473015198111,0.866555495865641
"787",-0.928633029107004,-1.13967032295935,-1.03415167603318
"788",-0.532847076188773,0.576134541341108,0.0216437325761675
"789",0.748945993371308,-1.16052672975486,-0.205790368191776
"790",0.185617384966463,1.00346156377942,0.594539474372942
"791",0.124690992757678,-0.204068982130288,-0.039688994686305
"792",0.317830049432814,0.815656868713957,0.566743459073386
"793",-0.352753014769405,-0.346402308040682,-0.349577661405044
"794",0.2318732640706,0.204841171871378,0.218357217970989
"795",-0.125897588208318,-1.40677417167858,-0.766335879943449
"796",-0.821237690281123,0.748352003641093,-0.036442843320015
"797",0.350052055902779,1.29652133563266,0.823286695767719
"798",-0.0852052657864988,1.47840304980342,0.696598892008461
"799",0.184654722455889,0.092264621472769,0.138459671964329
"800",0.296647503506392,1.64744253379514,0.972045018650766
"801",0.291571908164769,-0.164995626675752,0.0632881407445085
"802",-0.468277210369706,-0.476802584660216,-0.472539897514961
"803",0.747005173936486,-0.0503424204862347,0.348331376725126
"804",-0.0459167887456715,1.64680353486229,0.800443373058309
"805",0.589260824956,-0.292174378846721,0.148543223054639
"806",0.634862141683698,-0.639070473059302,-0.00210416568780197
"807",0.00970512116327882,-0.628475644075451,-0.309385261456086
"808",-0.721195640973747,0.178953123107132,-0.271121258933308
"809",-0.603562830016017,-0.680840441964157,-0.642201635990087
"810",-0.847695679869503,-1.58641095349018,-1.21705331667984
"811",-0.71174129517749,-1.38954025870879,-1.05064077694314
"812",0.271232705563307,1.26352141100247,0.767377058282888
"813",-0.846091615967453,0.210454747699407,-0.317818434134023
"814",-0.939180057030171,-1.693356588545,-1.31626832278759
"815",0.285890890751034,0.484960892500916,0.385425891625975
"816",-0.712698427960277,0.553972474685303,-0.079362976637487
"817",0.00374068319797516,-0.908538264195731,-0.452398790498878
"818",0.277548196259886,0.335761152353564,0.306654674306725
"819",0.61899117892608,-1.68888138645727,-0.534945103765595
"820",0.509321637451649,-1.00367437316563,-0.24717636785699
"821",-0.231895313598216,-0.438642201281719,-0.335268757439967
"822",0.0551944891922176,-1.5228906517471,-0.733848081277441
"823",-0.603671718854457,-1.34193127561229,-0.972801497233374
"824",-0.64883588347584,1.50396023020792,0.42756217336604
"825",0.699323191773146,-0.732129776386331,-0.0164032923065925
"826",0.898302413057536,-1.75738794488481,-0.429542765913637
"827",0.015013933647424,0.253882632356385,0.134448283001904
"828",-0.131497465074062,-0.795736812223999,-0.46361713864903
"829",-0.331008698791265,-0.787324696733195,-0.55916669776223
"830",0.896522106137127,0.1842925565226,0.540407331329864
"831",-0.511052714660764,-0.811812796866554,-0.661432755763659
"832",0.0691914586350322,-0.684962666067002,-0.307885603715985
"833",-0.74055382469669,-0.127330627131271,-0.43394222591398
"834",0.948788535781205,-0.347852340071952,0.300468097854627
"835",-0.199120173696429,0.479015900527272,0.139947863415421
"836",-0.169623727444559,0.137636096495253,-0.015993815474653
"837",0.848804336506873,-0.338903846085366,0.254950245210753
"838",-0.72185387974605,0.0459911049129029,-0.337931387416574
"839",-0.749307160731405,-0.784725108467859,-0.767016134599632
"840",0.99906793422997,-0.273905065201779,0.362581434514096
"841",-0.503836960997432,1.9558318283658,0.725997433684184
"842",-0.339296645019203,-0.0204462635251288,-0.179871454272166
"843",-0.733989787753671,-0.521003535191324,-0.627496661472497
"844",-0.757183502893895,1.56449662374463,0.403656560425368
"845",0.948595993220806,0.829884697363792,0.889240345292299
"846",0.413770621176809,0.243341087426353,0.328555854301581
"847",0.698474172037095,1.03341369233348,0.865943932185288
"848",0.479871961753815,1.22971576159142,0.854793861672618
"849",-0.607962990645319,-0.116436124236617,-0.362199557440968
"850",0.244459715671837,-1.16763661495737,-0.461588449642767
"851",-0.850634500384331,-1.23733644044641,-1.04398547041537
"852",-0.272374169435352,1.53520176778471,0.631413799174679
"853",-0.698480327613652,1.1350084641248,0.218264068255574
"854",-0.613802385050803,-0.495796056987285,-0.554799221019044
"855",-0.890148584730923,-0.0633088410368317,-0.476728712883877
"856",-0.577718359418213,0.505153891167681,-0.036282234125266
"857",0.574407576583326,-0.653889999913654,-0.039741211665164
"858",-0.755111472681165,1.30069187276483,0.272790200041833
"859",-0.802385627757758,0.229837140220646,-0.286274243768556
"860",-0.87903915764764,-2.50950344231052,-1.69427129997908
"861",-0.896750349551439,-2.02620843807198,-1.46147939381171
"862",0.156460218597203,1.31770971861486,0.737084968606032
"863",-0.12058195611462,-0.618697774245006,-0.369639865179813
"864",-0.0683175809681416,0.0150220096255683,-0.0266477856712866
"865",0.95164216356352,-2.04217935937775,-0.545268597907115
"866",-0.721798098646104,-1.02561385454894,-0.873705976597522
"867",-0.329431909136474,0.136333634084128,-0.096549137526173
"868",-0.361761051230133,-1.02760441582107,-0.694682733525602
"869",-0.229444418102503,-0.507120129396964,-0.368282273749734
"870",-0.380965704564005,0.435708436720808,0.0273713660784015
"871",-0.767618252430111,1.9465274989178,0.589454623243845
"872",-0.13318875618279,0.273669442166723,0.0702403429919665
"873",-0.117898057680577,-1.99286873643153,-1.05538339705605
"874",0.842393293045461,-0.890108983583217,-0.023857845268878
"875",-0.368614364415407,0.0684881484611793,-0.150063107977114
"876",-0.433914410881698,-0.235578964227866,-0.334746687554782
"877",0.898638888262212,-0.728738043382945,0.0849504224396335
"878",0.930856082588434,-0.795961749093549,0.0674471667474425
"879",0.67323897080496,1.09325236687892,0.88324566884194
"880",-0.181090600322932,1.40699856004054,0.612953979858804
"881",0.59922108380124,-0.189306412143013,0.204957335829113
"882",0.0347998556680977,-0.338855327718353,-0.152027736025128
"883",0.341563355177641,-1.37540634222666,-0.516921493524509
"884",-0.336098302621394,1.65331163463745,0.658606666008028
"885",-0.87729284632951,-1.1739149312628,-1.02560388879616
"886",0.285669201053679,-2.18495306688534,-0.949641932915831
"887",-0.578755557537079,-0.634241228499927,-0.606498393018503
"888",-0.751787047833204,0.0884853996568043,-0.3316508240882
"889",0.0062427120283246,0.280923724855748,0.143583218442036
"890",-0.641333188395947,-0.994055985906753,-0.81769458715135
"891",0.395708872936666,1.84891827964903,1.12231357629285
"892",-0.885430593043566,-0.0794336651772643,-0.482432129110415
"893",-0.0593946487642825,-2.38709834499603,-1.22324649688016
"894",0.387775987386703,-1.01645282755584,-0.314338420084568
"895",0.433344161137938,2.1186673680969,1.27600576461742
"896",-0.252501869108528,0.0209557934726994,-0.115773037817914
"897",-0.399541911203414,-0.178551259297689,-0.289046585250551
"898",0.237302466761321,-0.427983936332869,-0.095340734785774
"899",0.291904876474291,0.221812526757832,0.256858701616062
"900",-0.153502022847533,0.673820671157325,0.260159324154896
"901",0.431143296416849,-1.16183819360847,-0.365347448595811
"902",-0.662085600197315,-0.522333282092563,-0.592209441144939
"903",0.926229426637292,-0.284886726934288,0.320671349851502
"904",-0.0509126493707299,-1.07479759269318,-0.562855121031955
"905",-0.120809322688729,1.53006803504602,0.704629356178646
"906",0.600796814542264,-0.190877900170157,0.204959457186053
"907",0.159493990242481,-0.7935281387022,-0.317017074229859
"908",-0.762507886160165,-0.60376669537427,-0.683137290767218
"909",-0.297858743462712,-0.329203363426659,-0.313531053444686
"910",0.755546699278057,0.0929385006048821,0.42424259994147
"911",0.23175867414102,-0.493240638045639,-0.130740981952309
"912",0.259667071979493,-1.31602754304738,-0.528180235533944
"913",0.0429213768802583,0.499896878674861,0.27140912777756
"914",-0.380589607637376,-1.3457575301036,-0.863173568870488
"915",0.515360258985311,0.0166735797340267,0.266016919359669
"916",-0.0130252204835415,1.67584339665366,0.831409088085059
"917",-0.0861232085153461,-0.910362111206847,-0.498242659861097
"918",-0.926942996680737,0.248229738980191,-0.339356628850273
"919",-0.09676134865731,-0.243068375227814,-0.169914861942562
"920",0.23601749446243,-0.986870947753144,-0.375426726645357
"921",0.359412689693272,0.726272647029365,0.542842668361319
"922",0.764798684511334,0.492927732226905,0.628863208369119
"923",0.175176355056465,0.232141840128968,0.203659097592716
"924",0.296594621613622,-1.0575278709228,-0.380466624654589
"925",-0.199864667840302,0.734896846148463,0.26751608915408
"926",-0.563329349271953,1.42951888506844,0.433094767898243
"927",-0.531630112789571,-0.0810048227378103,-0.306317467763691
"928",-0.291164846159518,0.58174244145242,0.145288797646451
"929",-0.107529738917947,1.32536946236447,0.608919861723262
"930",0.376663461327553,-1.44163055131244,-0.532483544992443
"931",0.14044538512826,1.15318305878878,0.64681422195852
"932",0.0528150140307844,-0.695008825212127,-0.321096905590671
"933",0.484195364173502,0.994014447148992,0.739104905661247
"934",0.524849127046764,-2.46470690049827,-0.969928886725753
"935",-0.373888678848743,-1.31889065708728,-0.846389667968012
"936",0.592759088147432,-2.21562765287299,-0.811434282362779
"937",0.117348167579621,-1.96100321791666,-0.92182752516852
"938",0.861347302794456,0.417000257771199,0.639173780282827
"939",0.744105339981616,-2.03517802779536,-0.645536343906872
"940",-0.305876176338643,-0.0920440868841546,-0.198960131611399
"941",-0.0130719444714487,0.0719749015806385,0.0294514785545949
"942",-0.141371469013393,-0.574887441212448,-0.35812945511292
"943",0.650140987243503,-1.01175704556933,-0.180808029162914
"944",0.604271803051233,0.163355119114525,0.383813461082879
"945",0.119444746989757,0.535194263354412,0.327319505172085
"946",-0.175083476584405,-0.185416584189673,-0.180250030387039
"947",0.702389949001372,-0.0272982005417799,0.337545874229796
"948",0.0749414712190628,-0.42047799429441,-0.172768261537674
"949",0.305645599961281,-0.303439426504247,0.001103086728517
"950",0.206922283861786,0.0852260631536561,0.146074173507721
"951",0.759772741235793,-0.993759548715356,-0.116993403739782
"952",-0.0832879757508636,-0.360937559839069,-0.222112767794966
"953",0.488337437156588,-0.577741665660998,-0.044702114252205
"954",0.543185103684664,-0.731287485397136,-0.094051190856236
"955",0.109248627442867,-0.374464414158368,-0.132607893357751
"956",-0.428628701716661,-0.245985624833002,-0.337307163274832
"957",-0.386426873039454,-0.198934971420901,-0.292680922230177
"958",0.416273264680058,0.734700109054959,0.575486686867508
"959",0.84715355373919,-0.214103727049233,0.316524913344979
"960",-0.455730189569294,0.941603298163201,0.242936554296953
"961",0.0931184338405728,-0.304838665939644,-0.105860116049536
"962",0.586476402357221,-2.48651892618739,-0.950021261915085
"963",0.946559186093509,0.504653271683928,0.725606228888719
"964",-0.0874434057623148,1.55282778304938,0.732692188643533
"965",0.665695356670767,-0.465389871020103,0.100152742825332
"966",0.735034686513245,0.79251937206949,0.763777029291367
"967",-0.946635120082647,-1.03886863656498,-0.992751878323814
"968",-0.383372213691473,0.311308052664232,-0.0360320805136205
"969",-0.720889065414667,-2.61756562285503,-1.66922734413485
"970",-0.547430557664484,-0.796780562455629,-0.672105560060057
"971",0.544364998582751,0.941167912832964,0.742766455707857
"972",0.784913397859782,0.528505335770494,0.656709366815138
"973",-0.0500859711319208,-0.539229741747856,-0.294657856439888
"974",-0.723585490603,-0.0564479214378972,-0.390016706020449
"975",0.540705525316298,-0.37335892050435,0.083673302405974
"976",0.613785078283399,-0.565120340520343,0.024332368881528
"977",0.46329401107505,1.67879960737394,1.07104680922449
"978",0.331103936769068,-1.41574160057468,-0.542318831902806
"979",-0.129558447282761,0.261603603713965,0.066022578215602
"980",-0.653960143681616,-1.80194074823232,-1.22795044595697
"981",-0.636836918070912,-0.334606794686371,-0.485721856378642
"982",0.910148990340531,-0.385365461162118,0.262391764589206
"983",-0.996207842137665,-0.71104361732301,-0.853625729730338
"984",-0.697856544982642,-0.783858010611243,-0.740857277796943
"985",-0.8987718638964,-0.754166079683926,-0.826468971790163
"986",0.926482420880347,-0.929603094266841,-0.00156033669324696
"987",-0.0928496080450714,1.27580469217979,0.591477542067359
"988",-0.595252339728177,1.51017950463248,0.457463582452151
"989",-0.204259674064815,-1.0773004912174,-0.640780082641108
"990",-0.139716707635671,0.172579834456395,0.016431563410362
"991",0.711636029183865,-0.496709758092545,0.10746313554566
"992",0.419969175942242,-0.330128481520984,0.044920347210629
"993",0.574494127184153,0.31658026541363,0.445537196298892
"994",-0.520282613113523,0.375609437318645,-0.072336587897439
"995",-0.740888067055494,0.406517732127113,-0.167185167464191
"996",-0.650204476434737,-1.49986474066129,-1.07503460854801
"997",0.832670190371573,-1.28751358909205,-0.227421699360238
"998",0.665545876603574,-1.07456859376135,-0.204511358578888
"999",-0.492176683619618,-1.43351476479426,-0.962845724206939
"1000",0.980346879921854,-0.627144986755073,0.17660094658339
"colmean",0.0106980728153139,-0.0912934390691982,-0.0402976831269421
